   2.3076900e-01   2.8205100e-01   2.5641000e-02   5.6410300e-01   1.0000000e+00   2.8205100e-01   1.2820500e-01   1.0000000e+00
   4.6153900e-01   1.2820500e-01   9.4871800e-01   4.8717900e-01   6.6666700e-01   9.4871800e-01   5.3846200e-01   7.9487200e-01
   4.3589700e-01   7.6923100e-01   8.4615400e-01   6.4102600e-01   8.2051300e-01   8.2051300e-01   5.1282000e-02   5.6410300e-01
   5.6410300e-01   5.1282000e-02   6.4102600e-01   1.0000000e+00   4.8717900e-01   6.1538500e-01   1.5384600e-01   8.7179500e-01
   3.5897400e-01   6.1538500e-01   8.9743600e-01   5.3846200e-01   7.9487200e-01   1.2820500e-01   3.8461500e-01   2.5641000e-01
   3.0769200e-01   7.4359000e-01   1.2820500e-01   4.1025600e-01   2.5641000e-02   3.3333300e-01   4.1025600e-01   7.1794900e-01
   1.7948700e-01   1.0256400e-01   7.6923000e-02   9.7435900e-01   3.5897400e-01   4.3589700e-01   5.1282100e-01   7.6923000e-02
   5.1282000e-02   4.6153900e-01   3.3333300e-01   8.9743600e-01   9.4871800e-01   8.4615400e-01   6.1538500e-01   5.1282100e-01
   7.6923100e-01   8.9743600e-01   3.8461500e-01   8.2051300e-01   0.0000000e+00   7.1794900e-01   3.0769200e-01   6.6666700e-01
   5.8974400e-01   1.5384600e-01   9.2307700e-01   7.1794900e-01   2.8205100e-01   3.0769200e-01   5.6410300e-01   9.7435900e-01
   2.0512800e-01   5.3846200e-01   5.8974400e-01   5.1282100e-01   1.0256400e-01   3.8461500e-01   8.2051300e-01   2.3076900e-01
   8.7179500e-01   7.1794900e-01   2.8205100e-01   7.9487200e-01   5.6410300e-01   8.7179500e-01   1.0000000e+00   8.2051300e-01
   4.8717900e-01   3.5897400e-01   1.7948700e-01   3.5897400e-01   5.1282000e-02   1.7948700e-01   3.5897400e-01   7.6923100e-01
   2.5641000e-02   9.7435900e-01   2.3076900e-01   1.5384600e-01   1.7948700e-01   1.5384600e-01   9.7435900e-01   7.4359000e-01
   3.8461500e-01   1.0000000e+00   6.9230800e-01   8.4615400e-01   6.9230800e-01   5.1282000e-02   6.9230800e-01   3.0769200e-01
   6.4102600e-01   1.7948700e-01   7.1794900e-01   1.2820500e-01   4.3589700e-01   3.5897400e-01   7.4359000e-01   3.3333300e-01
   6.1538500e-01   8.2051300e-01   6.1538500e-01   6.1538500e-01   9.2307700e-01   0.0000000e+00   7.9487200e-01   2.8205100e-01
   3.3333300e-01   5.8974400e-01   3.0769200e-01   2.8205100e-01   7.6923100e-01   9.7435900e-01   6.4102600e-01   0.0000000e+00
   7.9487200e-01   2.5641000e-02   7.6923100e-01   4.6153900e-01   2.0512800e-01   4.1025600e-01   9.2307700e-01   1.0256400e-01
   6.6666700e-01   8.4615400e-01   1.0000000e+00   6.6666700e-01   5.1282100e-01   8.9743600e-01   1.7948700e-01   6.9230800e-01
   9.4871800e-01   5.6410300e-01   4.6153900e-01   8.7179500e-01   3.8461500e-01   1.0256400e-01   5.8974400e-01   1.7948700e-01
   4.1025600e-01   6.4102600e-01   4.8717900e-01   9.4871800e-01   5.8974400e-01   6.9230800e-01   4.3589700e-01   1.5384600e-01
   9.7435900e-01   2.3076900e-01   1.5384600e-01   7.6923100e-01   1.5384600e-01   1.0000000e+00   7.1794900e-01   2.5641000e-02
   2.8205100e-01   4.1025600e-01   0.0000000e+00   5.1282000e-02   6.4102600e-01   6.4102600e-01   2.5641000e-02   5.1282000e-02
   7.6923000e-02   5.1282100e-01   9.7435900e-01   9.2307700e-01   5.3846200e-01   2.5641000e-02   2.5641000e-01   4.6153900e-01
   2.5641000e-01   2.0512800e-01   4.1025600e-01   1.7948700e-01   7.6923000e-02   2.0512800e-01   1.0256400e-01   3.8461500e-01
   1.0000000e+00   4.8717900e-01   4.3589700e-01   2.5641000e-02   4.1025600e-01   2.5641000e-01   0.0000000e+00   4.8717900e-01
   5.3846200e-01   9.2307700e-01   5.1282100e-01   3.0769200e-01   6.1538500e-01   7.9487200e-01   4.8717900e-01   2.0512800e-01
   0.0000000e+00   2.5641000e-01   7.4359000e-01   2.3076900e-01   4.6153900e-01   7.6923100e-01   6.6666700e-01   4.3589700e-01
   1.0256400e-01   9.4871800e-01   7.9487200e-01   4.3589700e-01   1.2820500e-01   5.8974400e-01   2.8205100e-01   6.4102600e-01
   1.5384600e-01   3.3333300e-01   5.1282000e-02   3.3333300e-01   9.7435900e-01   5.6410300e-01   8.4615400e-01   9.4871800e-01
   9.2307700e-01   3.8461500e-01   6.6666700e-01   7.6923000e-02   8.7179500e-01   5.1282100e-01   8.9743600e-01   9.2307700e-01
   8.2051300e-01   3.0769200e-01   2.0512800e-01   7.4359000e-01   2.5641000e-01   4.6153900e-01   2.0512800e-01   8.9743600e-01
   8.4615400e-01   6.6666700e-01   5.3846200e-01   3.8461500e-01   7.4359000e-01   2.3076900e-01   9.4871800e-01   5.3846200e-01
   7.1794900e-01   7.9487200e-01   1.0256400e-01   6.9230800e-01   3.0769200e-01   5.3846200e-01   8.7179500e-01   8.4615400e-01
   7.4359000e-01   4.3589700e-01   2.5641000e-01   5.8974400e-01   8.9743600e-01   4.8717900e-01   7.6923000e-02   1.2820500e-01
   8.9743600e-01   8.7179500e-01   3.5897400e-01   1.0256400e-01   7.1794900e-01   6.6666700e-01   2.3076900e-01   5.8974400e-01
   1.2820500e-01   7.6923000e-02   8.2051300e-01   2.0512800e-01   2.3076900e-01   9.2307700e-01   7.6923100e-01   6.1538500e-01
   5.1282100e-01   6.9230800e-01   8.7179500e-01   0.0000000e+00   3.3333300e-01   7.4359000e-01   3.3333300e-01   3.5897400e-01
   6.9230800e-01   0.0000000e+00   5.6410300e-01   2.5641000e-01   8.4615400e-01   7.6923000e-02   4.6153900e-01   4.1025600e-01
