   4.8717950e-01   5.8974360e-01   5.1282050e-01   2.5641000e-02
   9.2307690e-01   6.1538460e-01   1.0000000e+00   5.1282050e-01
   5.8974360e-01   4.3589740e-01   7.4358970e-01   9.2307690e-01
   1.7948720e-01   2.8205130e-01   1.7948720e-01   9.4871790e-01
   9.7435900e-01   7.9487180e-01   2.0512820e-01   7.1794870e-01
   6.4102560e-01   2.3076920e-01   2.5641000e-02   1.7948720e-01
   7.6923080e-01   1.2820510e-01   1.5384620e-01   4.6153850e-01
   3.5897440e-01   6.6666670e-01   0.0000000e+00   6.6666670e-01
   2.5641000e-02   6.4102560e-01   7.9487180e-01   1.5384620e-01
   4.3589740e-01   1.0256410e-01   3.8461540e-01   9.7435900e-01
   3.3333330e-01   3.5897440e-01   8.4615380e-01   4.1025640e-01
   5.6410260e-01   0.0000000e+00   3.0769230e-01   5.6410260e-01
   0.0000000e+00   2.5641030e-01   4.8717950e-01   6.4102560e-01
   3.0769230e-01   1.7948720e-01   2.8205130e-01   8.2051280e-01
   6.9230770e-01   7.6923080e-01   5.8974360e-01   1.0000000e+00
   1.2820510e-01   1.5384620e-01   8.9743590e-01   5.1282100e-02
   2.8205130e-01   2.5641000e-02   6.6666670e-01   1.0256410e-01
   9.4871790e-01   3.3333330e-01   3.5897440e-01   1.2820510e-01
   3.8461540e-01   9.4871790e-01   6.4102560e-01   8.7179490e-01
   2.5641030e-01   8.9743590e-01   1.0256410e-01   5.8974360e-01
   7.9487180e-01   6.9230770e-01   4.6153850e-01   8.9743590e-01
   2.0512820e-01   4.8717950e-01   4.1025640e-01   7.4358970e-01
   4.1025640e-01   4.6153850e-01   2.3076920e-01   2.3076920e-01
   8.7179490e-01   8.7179490e-01   8.7179490e-01   7.9487180e-01
   5.3846150e-01   7.1794870e-01   1.2820510e-01   3.3333330e-01
   7.4358970e-01   9.7435900e-01   2.5641030e-01   7.6923100e-02
   8.4615380e-01   4.1025640e-01   7.6923100e-02   0.0000000e+00
   4.6153850e-01   8.2051280e-01   7.6923080e-01   4.8717950e-01
   6.1538460e-01   9.2307690e-01   4.3589740e-01   3.8461540e-01
   1.5384620e-01   1.0000000e+00   5.3846150e-01   4.3589740e-01
   6.6666670e-01   5.1282100e-02   8.2051280e-01   6.9230770e-01
   2.3076920e-01   7.4358970e-01   9.4871790e-01   2.0512820e-01
   8.2051280e-01   5.3846150e-01   6.9230770e-01   6.1538460e-01
   8.9743590e-01   7.6923100e-02   5.6410260e-01   2.5641030e-01
   5.1282100e-02   3.8461540e-01   6.1538460e-01   5.3846150e-01
   7.6923100e-02   8.4615380e-01   3.3333330e-01   2.8205130e-01
   5.1282050e-01   3.0769230e-01   9.7435900e-01   7.6923080e-01
   1.0256410e-01   5.6410260e-01   5.1282100e-02   8.4615380e-01
   7.1794870e-01   5.1282050e-01   9.2307690e-01   3.0769230e-01
   1.0000000e+00   2.0512820e-01   7.1794870e-01   3.5897440e-01
