  1  0.2784810  0.3797468  0.5822785  0.0126582
   2  0.2025316  0.9493671  0.8481013  0.1898734
   3  0.8734177  0.3924051  0.4556962  0.8987342
   4  0.1645570  0.5696203  0.7341772  0.7721519
   5  0.2278481  0.6582278  0.4430380  0.4430380
   6  0.6455696  0.5443038  0.9493671  0.0759494
   7  0.1139241  0.6329114  0.9620253  0.2278481
   8  0.0379747  0.3670886  0.9113924  0.5569620
   9  1.0000000  0.3037975  0.4936709  0.3924051
  10  0.7594937  0.5189873  0.0632911  0.5949367
  11  0.3797468  0.0506329  0.8860759  0.1265823
  12  0.6075949  0.7974684  0.2405063  0.5189873
  13  0.1898734  0.4430380  0.0253165  0.8481013
  14  0.5316456  0.7088608  0.0886076  0.0379747
  15  0.5949367  0.2531646  0.6455696  0.7215190
  16  0.4303797  0.1392405  0.3164557  0.3670886
  17  0.8354430  0.6455696  0.2531646  0.9873418
  18  0.3924051  0.3291139  0.3797468  0.4936709
  19  0.5063291  0.9746835  0.2025316  0.4556962
  20  0.9873418  0.4556962  0.6962025  0.1392405
  21  0.6962025  0.2405063  0.0000000  0.4303797
  22  0.9240506  0.2658228  0.2784810  0.8354430
  23  0.1012658  0.1265823  0.6075949  0.4683544
  24  0.3670886  0.8101266  0.4683544  0.7468354
  25  0.8987342  0.9240506  0.6329114  0.0886076
  26  0.6835443  0.1012658  0.8101266  0.8607595
  27  0.1518987  0.8481013  0.1518987  0.5822785
  28  0.7848101  0.7468354  0.9367089  0.6962025
  29  0.7088608  0.6075949  0.3291139  0.0000000
  30  0.3037975  0.5316456  0.3417722  0.9113924
  31  0.8227848  0.9873418  0.5569620  0.7974684
  32  0.3164557  0.2151899  0.7848101  0.5316456
  33  0.0886076  0.4683544  0.2151899  0.7088608
  34  0.6582278  0.7341772  0.5949367  0.2658228
  35  0.5822785  0.4303797  0.7721519  0.3797468
  36  0.4683544  0.2911392  0.1392405  0.1012658
  37  0.6329114  0.0253165  0.1645570  0.9367089
  38  0.1265823  0.3164557  0.8227848  0.9746835
  39  0.0000000  0.1898734  0.3544304  0.6708861
  40  0.3544304  1.0000000  0.6835443  0.3291139
  41  0.5696203  0.9113924  0.2911392  0.6455696
  42  0.2531646  0.7721519  0.7088608  0.9493671
  43  0.8860759  0.4810127  0.9746835  0.4810127
  44  0.8481013  0.8227848  0.7974684  0.0253165
  45  0.9746835  0.1645570  0.1772152  0.7848101
  46  0.9113924  0.7848101  0.0379747  0.3544304
  47  0.9620253  0.5822785  0.5696203  0.5443038
  48  0.7468354  0.1518987  0.7215190  0.2025316
  49  0.6708861  0.9620253  0.4177215  0.5696203
  50  0.4050633  0.9367089  0.1012658  0.8860759
  51  0.7215190  0.4050633  0.8734177  0.7594937
  52  0.8101266  0.0379747  0.6708861  0.5063291
  53  0.5189873  0.0886076  0.5063291  0.6075949
  54  0.4810127  0.8354430  0.9873418  0.8227848
  55  0.2151899  0.1139241  0.2278481  0.0632911
  56  0.8607595  0.2025316  0.1139241  0.2531646
  57  0.1772152  0.0126582  0.5443038  0.3417722
  58  0.7341772  0.8860759  0.5189873  0.9620253
  59  0.0632911  0.7215190  0.4050633  0.8101266
  60  0.0506329  0.8987342  0.7594937  0.2784810
  61  0.4430380  0.4936709  0.6202532  1.0000000
  62  0.5443038  0.1772152  0.9240506  0.9240506
  63  0.4556962  0.0000000  0.7468354  0.6835443
  64  0.0126582  0.6708861  0.6582278  0.8734177
  65  0.0253165  0.5569620  0.1265823  0.4050633
  66  0.4177215  0.6835443  0.5316456  0.1772152
  67  0.0759494  0.2278481  0.4810127  0.0506329
  68  0.6202532  0.3417722  0.0506329  0.1645570
  69  0.2911392  0.8734177  0.8987342  0.4177215
  70  0.3417722  0.6202532  0.0126582  0.6582278
  71  0.4936709  0.5949367  0.8607595  0.3037975
  72  0.1392405  0.7594937  0.3037975  0.1139241
  73  0.2405063  0.2784810  1.0000000  0.6202532
  74  0.9493671  0.0632911  0.3924051  0.2911392
  75  0.2658228  0.0759494  0.0759494  0.7341772
  76  0.5569620  0.5063291  0.4303797  0.2151899
  77  0.7721519  0.3544304  0.1898734  0.3164557
  78  0.9367089  0.6962025  0.8354430  0.6329114
  79  0.7974684  0.8607595  0.3670886  0.1518987
  80  0.3291139  0.4177215  0.2658228  0.2405063